8085.5,47
8085.502,41
8085.505,35
8085.507,44
8085.51,33
8085.512,47
8085.515,54
8085.517,38
8085.52,37
8085.523,51
8085.525,40
8085.528,45
8085.53,46
8085.533,35
8085.535,46
8085.538,34
8085.54,53
8085.542,51
8085.545,26
8085.547,52
8085.55,48
8085.552,43
8085.555,39
8085.557,31
8085.56,41
8085.563,45
8085.565,54
8085.568,41
8085.57,27
8085.573,44
8085.575,43
8085.578,35
8085.58,39
8085.583,47
8085.585,49
8085.587,43
8085.59,43
8085.592,41
8085.595,49
8085.597,46
8085.6,46
8085.603,55
8085.605,45
8085.608,47
8085.61,33
8085.613,36
8085.615,42
8085.618,39
8085.62,42
8085.623,52
8085.625,51
8085.627,34
8085.63,38
8085.632,53
8085.635,46
8085.637,45
8085.64,51
8085.642,50
8085.645,42
8085.648,47
8085.65,59
8085.653,41
8085.655,39
8085.658,50
8085.66,47
8085.663,32
8085.665,32
8085.667,46
8085.67,42
8085.672,45
8085.675,35
8085.677,33
8085.68,37
8085.682,37
8085.685,56
8085.688,43
8085.69,36
8085.693,42
8085.695,44
8085.698,49
8085.7,49
8085.703,48
8085.705,36
8085.708,51
8085.71,50
8085.712,47
8085.715,49
8085.717,40
8085.72,56
8085.722,35
8085.725,55
8085.728,51
8085.73,26
8085.733,45
8085.735,42
8085.738,44
8085.74,61
8085.743,40
8085.745,45
8085.748,42
8085.75,33
8085.752,50
8085.755,56
8085.757,45
8085.76,42
8085.762,38
8085.765,51
8085.767,48
8085.77,43
8085.773,56
8085.775,49
8085.778,51
8085.78,46
8085.783,35
8085.785,36
8085.788,46
8085.79,46
8085.792,45
8085.795,44
8085.797,52
8085.8,44
8085.802,32
8085.805,48
8085.807,38
8085.81,39
8085.813,30
8085.815,45
8085.818,46
8085.82,44
8085.823,49
8085.825,31
8085.828,50
8085.83,45
8085.833,45
8085.835,38
8085.837,49
8085.84,39
8085.842,42
8085.845,39
8085.847,40
8085.85,50
8085.853,44
8085.855,45
8085.858,53
8085.86,39
8085.863,42
8085.865,32
8085.868,56
8085.87,48
8085.873,48
8085.875,57
8085.877,46
8085.88,45
8085.882,40
8085.885,34
8085.887,45
8085.89,42
8085.892,35
8085.895,41
8085.898,40
8085.9,34
8085.903,39
8085.905,46
8085.908,43
8085.91,45
8085.913,46
8085.915,41
8085.917,52
8085.92,40
8085.922,54
8085.925,48
8085.927,46
8085.93,52
8085.932,47
8085.935,53
8085.938,46
8085.94,60
8085.943,52
8085.945,45
8085.948,40
8085.95,45
8085.953,36
8085.955,49
8085.958,46
8085.96,39
8085.962,48
8085.965,45
8085.967,36
8085.97,43
8085.972,39
8085.975,39
8085.978,41
8085.98,47
8085.983,40
8085.985,36
8085.988,54
8085.99,50
8085.993,48
8085.995,49
8085.998,52
8086,54
8086.002,47
8086.005,41
8086.007,50
8086.01,49
8086.012,39
8086.015,53
8086.017,47
8086.02,44
8086.023,42
8086.025,41
8086.028,41
8086.03,41
8086.033,49
8086.035,54
8086.038,55
8086.04,36
8086.042,48
8086.045,65
8086.047,35
8086.05,49
8086.052,50
8086.055,42
8086.057,54
8086.06,51
8086.063,40
8086.065,52
8086.068,48
8086.07,51
8086.073,63
8086.075,43
8086.078,40
8086.08,52
8086.083,44
8086.085,43
8086.087,47
8086.09,43
8086.092,42
8086.095,32
8086.097,52
8086.1,44
8086.103,54
8086.105,47
8086.108,56
8086.11,38
8086.113,47
8086.115,48
8086.118,51
8086.12,33
8086.123,44
8086.125,56
8086.127,51
8086.13,42
8086.132,51
8086.135,44
8086.137,36
8086.14,39
8086.142,59
8086.145,46
8086.148,50
8086.15,46
8086.153,44
8086.155,46
8086.158,52
8086.16,44
8086.163,38
8086.165,45
8086.167,45
8086.17,35
8086.172,49
8086.175,51
8086.177,44
8086.18,41
8086.182,42
8086.185,51
8086.188,45
8086.19,51
8086.193,75
8086.195,45
8086.198,45
8086.2,52
8086.203,53
8086.205,40
8086.208,48
8086.21,55
8086.212,42
8086.215,43
8086.217,46
8086.22,36
8086.222,44
8086.225,52
8086.228,46
8086.23,48
8086.233,48
8086.235,42
8086.238,40
8086.24,42
8086.243,63
8086.245,44
8086.248,45
8086.25,40
8086.252,54
8086.255,48
8086.257,48
8086.26,33
8086.262,57
8086.265,48
8086.267,54
8086.27,47
8086.273,45
8086.275,46
8086.278,51
8086.28,41
8086.283,37
8086.285,52
8086.288,48
8086.29,46
8086.292,49
8086.295,35
8086.297,47
8086.3,49
8086.302,45
8086.305,66
8086.307,36
8086.31,48
8086.313,41
8086.315,47
8086.318,49
8086.32,47
8086.323,62
8086.325,53
8086.328,47
8086.33,49
8086.333,50
8086.335,57
8086.337,49
8086.34,53
8086.342,49
8086.345,48
8086.347,49
8086.35,56
8086.353,47
8086.355,47
8086.358,52
8086.36,53
8086.363,63
8086.365,38
8086.368,51
8086.37,45
8086.373,54
8086.375,43
8086.377,53
8086.38,54
8086.382,58
8086.385,50
8086.387,52
8086.39,46
8086.392,60
8086.395,57
8086.398,44
8086.4,62
8086.403,54
8086.405,44
8086.408,46
8086.41,46
8086.413,59
8086.415,52
8086.417,56
8086.42,63
8086.422,50
8086.425,58
8086.427,57
8086.43,44
8086.432,53
8086.435,49
8086.438,49
8086.44,70
8086.443,61
8086.445,58
8086.448,66
8086.45,69
8086.453,47
8086.455,60
8086.458,53
8086.46,49
8086.462,58
8086.465,54
8086.467,57
8086.47,62
8086.472,42
8086.475,64
8086.478,69
8086.48,55
8086.483,60
8086.485,72
8086.488,70
8086.49,53
8086.493,49
8086.495,64
8086.498,73
8086.5,65
8086.502,60
8086.505,79
8086.507,52
8086.51,65
8086.512,65
8086.515,89
8086.517,79
8086.52,77
8086.523,66
8086.525,67
8086.528,65
8086.53,85
8086.533,67
8086.535,70
8086.538,88
8086.54,85
8086.542,83
8086.545,89
8086.547,86
8086.55,73
8086.552,72
8086.555,85
8086.557,76
8086.56,69
8086.563,97
8086.565,87
8086.568,84
8086.57,96
8086.573,101
8086.575,89
8086.578,92
8086.58,100
8086.583,93
8086.585,100
8086.587,94
8086.59,112
8086.592,116
8086.595,109
8086.597,130
8086.6,107
8086.603,101
8086.605,121
8086.608,129
8086.61,127
8086.613,98
8086.615,118
8086.618,135
8086.62,122
8086.623,115
8086.625,124
8086.627,129
8086.63,125
8086.632,133
8086.635,148
8086.637,142
8086.64,149
8086.642,161
8086.645,151
8086.648,176
8086.65,161
8086.653,187
8086.655,186
8086.658,189
8086.66,215
8086.663,189
8086.665,209
8086.667,179
8086.67,175
8086.672,224
8086.675,215
8086.677,222
8086.68,240
8086.682,235
8086.685,272
8086.688,251
8086.69,239
8086.693,218
8086.695,251
8086.698,262
8086.7,292
8086.703,290
8086.705,282
8086.708,275
8086.71,327
8086.712,307
8086.715,309
8086.717,323
8086.72,329
8086.722,340
8086.725,369
8086.728,347
8086.73,380
8086.733,359
8086.735,368
8086.738,399
8086.74,379
8086.743,403
8086.745,459
8086.748,391
8086.75,408
8086.752,427
8086.755,441
8086.757,481
8086.76,487
8086.762,520
8086.765,537
8086.767,549
8086.77,537
8086.773,532
8086.775,553
8086.778,545
8086.78,565
8086.783,579
8086.785,532
8086.788,589
8086.79,609
8086.792,637
8086.795,613
8086.797,682
8086.8,734
8086.802,717
8086.805,682
8086.807,767
8086.81,764
8086.813,770
8086.815,822
8086.818,829
8086.82,873
8086.823,794
8086.825,908
8086.828,896
8086.83,895
8086.833,872
8086.835,944
8086.837,958
8086.84,1018
8086.842,1031
8086.845,1003
8086.847,1104
8086.85,1084
8086.853,1123
8086.855,1119
8086.858,1101
8086.86,1152
8086.863,1171
8086.865,1194
8086.868,1224
8086.87,1247
8086.873,1259
8086.875,1264
8086.877,1279
8086.88,1362
8086.882,1355
8086.885,1430
8086.887,1494
8086.89,1411
8086.892,1512
8086.895,1441
8086.898,1453
8086.9,1490
8086.903,1545
8086.905,1578
8086.908,1607
8086.91,1611
8086.913,1547
8086.915,1630
8086.917,1655
8086.92,1648
8086.922,1775
8086.925,1782
8086.927,1765
8086.93,1666
8086.932,1780
8086.935,1825
8086.938,1692
8086.94,1735
8086.943,1754
8086.945,1812
8086.948,1828
8086.95,1694
8086.953,1726
8086.955,1770
8086.958,1717
8086.96,1672
8086.962,1683
8086.965,1676
8086.967,1573
8086.97,1593
8086.972,1548
8086.975,1543
8086.978,1482
8086.98,1517
8086.983,1451
8086.985,1377
8086.988,1435
8086.99,1341
8086.993,1324
8086.995,1242
8086.998,1277
8087,1182
8087.002,1160
8087.005,1129
8087.007,1095
8087.01,1114
8087.012,1096
8087.015,1072
8087.017,998
8087.02,959
8087.023,887
8087.025,883
8087.028,905
8087.03,785
8087.033,801
8087.035,724
8087.038,685
8087.04,668
8087.042,611
8087.045,652
8087.047,581
8087.05,583
8087.052,556
8087.055,541
8087.057,512
8087.06,513
8087.063,463
8087.065,409
8087.068,483
8087.07,410
8087.073,403
8087.075,411
8087.078,411
8087.08,372
8087.083,382
8087.085,336
8087.087,320
8087.09,308
8087.092,301
8087.095,324
8087.097,297
8087.1,291
8087.103,324
8087.105,283
8087.108,285
8087.11,266
8087.113,291
8087.115,290
8087.118,246
8087.12,254
8087.123,238
8087.125,256
8087.127,233
8087.13,218
8087.132,242
8087.135,238
8087.137,257
8087.14,247
8087.142,243
8087.145,238
8087.148,243
8087.15,226
8087.153,235
8087.155,227
8087.158,238
8087.16,210
8087.163,235
8087.165,230
8087.167,194
8087.17,172
8087.172,210
8087.175,204
8087.177,214
8087.18,165
8087.182,227
8087.185,200
8087.188,202
8087.19,185
8087.193,191
8087.195,161
8087.198,182
8087.2,178
8087.203,195
8087.205,172
8087.208,156
8087.21,208
8087.212,172
8087.215,153
8087.217,164
8087.22,154
8087.222,144
8087.225,181
8087.228,152
8087.23,153
8087.233,147
8087.235,160
8087.238,148
8087.24,158
8087.243,156
8087.245,123
8087.248,129
8087.25,115
8087.252,120
8087.255,134
8087.257,116
8087.26,126
8087.262,116
8087.265,0
8087.267,0
8087.27,0
8087.273,0
8087.275,0
8087.278,0
8087.28,0
8087.283,0
8087.285,0
8087.288,0
8087.29,0
8087.292,0
8087.295,0
8087.297,0
8087.3,0
8087.302,0
8087.305,0
8087.307,0
8087.31,0
8087.313,0
8087.315,0
8087.318,0
8087.32,0
8087.323,0
8087.325,0
8087.328,0
8087.33,0
8087.333,0
8087.335,0
8087.337,0
8087.34,0
8087.342,0
8087.345,0
8087.347,0
8087.35,0
8087.353,0
8087.355,0
8087.358,0
8087.36,0
8087.363,0
8087.365,0
8087.368,0
8087.37,0
8087.373,0
8087.375,0
8087.377,0
8087.38,0
8087.382,0
8087.385,0
8087.387,0
8087.39,0
8087.392,0
8087.395,0
8087.398,0
8087.4,0
8087.403,0
8087.405,0
8087.408,0
8087.41,0
8087.413,0
8087.415,0
8087.417,0
8087.42,0
8087.422,0
8087.425,0
8087.427,0
8087.43,0
8087.432,0
8087.435,0
8087.438,0
8087.44,0
8087.443,0
8087.445,0
8087.448,0
8087.45,0
8087.453,0
8087.455,0
8087.458,0
8087.46,0
8087.462,0
8087.465,0
8087.467,0
8087.47,0
8087.472,0
8087.475,0
8087.478,0
8087.48,0
8087.483,0
8087.485,0
8087.488,0
8087.49,0
8087.493,0
8087.495,0
8087.498,0
8087.5,0
8087.502,0
8087.505,0
8087.507,0
8087.51,0
8087.512,0
8087.515,0
8087.517,0
8087.52,0
8087.523,0
8087.525,0
8087.528,0
8087.53,0
8087.533,0
8087.535,0
8087.538,0
8087.54,0
8087.542,0
8087.545,0
8087.547,0
8087.55,0
8087.552,0
8087.555,0
8087.557,0
8087.56,0
8087.563,0
8087.565,0
8087.568,0
8087.57,0
8087.573,0
8087.575,0
8087.578,0
8087.58,0
8087.583,0
8087.585,0
8087.587,0
8087.59,0
8087.592,0
8087.595,0
8087.597,0
8087.6,0
8087.603,0
8087.605,0
8087.608,0
8087.61,0
8087.613,0
8087.615,0
8087.618,0
8087.62,0
8087.623,0
8087.625,0
8087.627,0
8087.63,0
8087.632,0
8087.635,0
8087.637,0
8087.64,0
8087.642,0
8087.645,0
8087.648,0
8087.65,0
8087.653,0
8087.655,0
8087.658,0
8087.66,0
8087.663,0
8087.665,0
8087.667,0
8087.67,0
8087.672,0
8087.675,0
8087.677,0
8087.68,0
8087.682,0
8087.685,0
8087.688,0
8087.69,0
8087.693,0
8087.695,0
8087.698,0
8087.7,0
8087.703,0
8087.705,0
8087.708,0
8087.71,0
8087.712,0
8087.715,0
8087.717,0
8087.72,0
8087.722,0
8087.725,0
8087.728,0
8087.73,0
8087.733,0
8087.735,0
8087.738,0
8087.74,0
8087.743,0
8087.745,0
8087.748,0
8087.75,0
8087.752,0
8087.755,0
8087.757,0
8087.76,0
8087.762,0
8087.765,0
8087.767,0
8087.77,0
8087.773,0
8087.775,0
8087.778,0
8087.78,0
8087.783,0
8087.785,0
8087.788,0
8087.79,0
8087.792,0
8087.795,0
8087.797,0
8087.8,0
8087.802,0
8087.805,0
8087.807,0
8087.81,0
8087.813,0
8087.815,0
8087.818,0
8087.82,0
8087.823,0
8087.825,0
8087.828,0
8087.83,0
8087.833,0
8087.835,0
8087.837,0
8087.84,0
8087.842,0
8087.845,0
8087.847,0
8087.85,0
8087.853,0
8087.855,0
8087.858,0
8087.86,0
8087.863,0
8087.865,0
8087.868,0
8087.87,0
8087.873,0
8087.875,0
8087.877,0
8087.88,0
8087.882,0
8087.885,0
8087.887,0
8087.89,0
8087.892,0
8087.895,0
8087.898,0
8087.9,0
8087.903,0
8087.905,0
8087.908,0
8087.91,0
8087.913,0
8087.915,0
8087.917,0
8087.92,0
8087.922,0
8087.925,0
8087.927,0
8087.93,0
8087.932,0
8087.935,0
8087.938,0
8087.94,0
8087.943,0
8087.945,0
8087.948,0
8087.95,0
8087.953,0
8087.955,0
8087.958,0
8087.96,0
8087.962,0
8087.965,0
8087.967,0
8087.97,0
8087.972,0
8087.975,0
8087.978,0
8087.98,0
8087.983,0
8087.985,0
8087.988,0
8087.99,0
8087.993,0
8087.995,0
8087.998,0
8088,0
8088.002,0
8088.005,0
8088.007,0
8088.01,0
8088.012,0
8088.015,0
8088.017,0
8088.02,0
8088.023,0
8088.025,0
8088.028,0
8088.03,0
8088.033,0
8088.035,0
8088.038,0
8088.04,0
8088.042,0
8088.045,0
8088.047,0
8088.05,0
8088.052,0
8088.055,0
8088.057,0
8088.06,0
8088.063,0
8088.065,0
8088.068,0
8088.07,0
8088.073,0
8088.075,0
8088.078,0
8088.08,0
8088.083,0
8088.085,0
8088.087,0
8088.09,0
8088.092,0
8088.095,0
8088.097,0
8088.1,0
8088.103,0
8088.105,0
8088.108,0
8088.11,0
8088.113,0
8088.115,0
8088.118,0
8088.12,0
8088.123,0
8088.125,0
8088.127,0
8088.13,0
8088.132,0
8088.135,0
8088.137,0
8088.14,0
8088.142,0
8088.145,0
8088.148,0
8088.15,0
8088.153,0
8088.155,0
8088.158,0
8088.16,0
8088.163,0
8088.165,0
8088.167,0
8088.17,0
8088.172,0
8088.175,0
8088.177,0
8088.18,0
8088.182,0
8088.185,0
8088.188,0
8088.19,0
8088.193,0
8088.195,0
8088.198,0
8088.2,0
8088.203,0
8088.205,0
8088.208,0
8088.21,0
8088.212,0
8088.215,0
8088.217,0
8088.22,0
8088.222,0
8088.225,0
8088.228,0
8088.23,0
8088.233,0
8088.235,0
8088.238,0
8088.24,0
8088.243,0
8088.245,0
8088.248,0
8088.25,0
8088.252,0
8088.255,0
8088.257,0
8088.26,0
8088.262,0
8088.265,0
8088.267,0
8088.27,0
8088.273,0
8088.275,0
8088.278,0
8088.28,0
8088.283,0
8088.285,0
8088.288,0
8088.29,0
8088.292,0
8088.295,0
8088.297,0
8088.3,0
8088.302,0
8088.305,0
8088.307,0
8088.31,0
8088.313,0
8088.315,0
8088.318,0
8088.32,0
8088.323,0
8088.325,0
8088.328,0
8088.33,0
8088.333,0
8088.335,0
8088.337,0
8088.34,0
8088.342,0
8088.345,0
8088.347,0
8088.35,0
8088.353,0
8088.355,0
8088.358,0
8088.36,0
8088.363,0
8088.365,0
8088.368,0
8088.37,0
8088.373,0
8088.375,0
8088.377,0
8088.38,0
8088.382,0
8088.385,0
8088.387,0
8088.39,0
8088.392,0
8088.395,0
8088.398,0
8088.4,0
8088.403,0
8088.405,0
8088.408,0
8088.41,0
8088.413,0
8088.415,0
8088.417,0
8088.42,0
8088.422,0
8088.425,0
8088.427,0
8088.43,0
8088.432,0
8088.435,0
8088.438,0
8088.44,0
8088.443,0
8088.445,0
8088.448,0
8088.45,0
8088.453,0
8088.455,0
8088.458,0
8088.46,0
8088.462,0
8088.465,0
8088.467,0
8088.47,0
8088.472,0
8088.475,0
8088.478,0
8088.48,0
8088.483,0
8088.485,0
8088.488,0
8088.49,0
8088.493,0
8088.495,0
8088.498,0
8088.5,0
