8714.75,68
8714.753,64
8714.755,52
8714.757,77
8714.76,70
8714.763,56
8714.765,68
8714.767,74
8714.77,55
8714.772,63
8714.775,56
8714.778,71
8714.78,53
8714.782,71
8714.785,70
8714.788,76
8714.79,62
8714.792,71
8714.795,70
8714.798,69
8714.8,67
8714.802,73
8714.805,84
8714.808,76
8714.81,65
8714.813,72
8714.815,73
8714.817,87
8714.82,67
8714.823,72
8714.825,74
8714.827,74
8714.83,77
8714.833,92
8714.835,74
8714.837,77
8714.84,68
8714.843,71
8714.845,79
8714.847,85
8714.85,89
8714.853,77
8714.855,94
8714.858,94
8714.86,66
8714.862,69
8714.865,75
8714.868,94
8714.87,74
8714.872,78
8714.875,95
8714.878,85
8714.88,83
8714.882,96
8714.885,89
8714.888,89
8714.89,83
8714.892,105
8714.895,89
8714.897,79
8714.9,106
8714.903,99
8714.905,99
8714.907,114
8714.91,112
8714.913,77
8714.915,101
8714.917,107
8714.92,125
8714.923,105
8714.925,97
8714.927,101
8714.93,123
8714.933,114
8714.935,110
8714.938,100
8714.94,117
8714.942,111
8714.945,115
8714.948,125
8714.95,129
8714.952,133
8714.955,112
8714.958,136
8714.96,102
8714.962,128
8714.965,145
8714.968,128
8714.97,139
8714.972,126
8714.975,126
8714.978,138
8714.98,120
8714.983,146
8714.985,133
8714.987,147
8714.99,152
8714.993,157
8714.995,180
8714.997,179
8715,141
8715.003,183
8715.005,191
8715.007,170
8715.01,140
8715.013,179
8715.015,196
8715.017,196
8715.02,202
8715.022,176
8715.025,231
8715.028,212
8715.03,191
8715.032,208
8715.035,244
8715.038,230
8715.04,237
8715.042,235
8715.045,236
8715.048,268
8715.05,252
8715.052,264
8715.055,252
8715.058,255
8715.06,268
8715.063,273
8715.065,309
8715.067,273
8715.07,289
8715.073,332
8715.075,285
8715.077,332
8715.08,328
8715.083,332
8715.085,376
8715.087,367
8715.09,366
8715.093,389
8715.095,401
8715.097,387
8715.1,399
8715.103,404
8715.105,413
8715.108,449
8715.11,381
8715.112,401
8715.115,407
8715.118,493
8715.12,485
8715.122,489
8715.125,504
8715.128,505
8715.13,552
8715.132,508
8715.135,582
8715.138,529
8715.14,551
8715.142,583
8715.145,599
8715.147,568
8715.15,600
8715.153,600
8715.155,611
8715.157,625
8715.16,656
8715.163,624
8715.165,679
8715.167,693
8715.17,695
8715.173,676
8715.175,715
8715.177,714
8715.18,732
8715.183,781
8715.185,775
8715.188,818
8715.19,806
8715.192,822
8715.195,799
8715.198,831
8715.2,795
8715.202,866
8715.205,870
8715.208,929
8715.21,968
8715.212,965
8715.215,990
8715.218,962
8715.22,1034
8715.222,1014
8715.225,1045
8715.228,1115
8715.23,1029
8715.233,1147
8715.235,1160
8715.237,1137
8715.24,1134
8715.243,1169
8715.245,1199
8715.247,1283
8715.25,1295
8715.253,1376
8715.255,1368
8715.257,1435
8715.26,1436
8715.263,1412
8715.265,1445
8715.267,1496
8715.27,1516
8715.272,1518
8715.275,1580
8715.278,1629
8715.28,1697
8715.282,1780
8715.285,1810
8715.288,1857
8715.29,1842
8715.292,1933
8715.295,1946
8715.298,2056
8715.3,2077
8715.302,2189
8715.305,2243
8715.308,2322
8715.31,2338
8715.313,2458
8715.315,2405
8715.317,2554
8715.32,2754
8715.323,2798
8715.325,3034
8715.327,2950
8715.33,3006
8715.333,3202
8715.335,3285
8715.337,3291
8715.34,3327
8715.343,3482
8715.345,3498
8715.347,3628
8715.35,3748
8715.353,3812
8715.355,3847
8715.358,4024
8715.36,4342
8715.362,4451
8715.365,4440
8715.368,4673
8715.37,4718
8715.372,4928
8715.375,5046
8715.378,5160
8715.38,5308
8715.382,5295
8715.385,5496
8715.388,5532
8715.39,5698
8715.392,5838
8715.395,5849
8715.397,5906
8715.4,6107
8715.403,6191
8715.405,6156
8715.407,6389
8715.41,6371
8715.413,6331
8715.415,6476
8715.417,6461
8715.42,6545
8715.423,6519
8715.425,6514
8715.427,6488
8715.43,6530
8715.433,6473
8715.435,6640
8715.438,6594
8715.44,6398
8715.442,6335
8715.445,6419
8715.448,6149
8715.45,6141
8715.452,5987
8715.455,6199
8715.458,6026
8715.46,5887
8715.462,5898
8715.465,5689
8715.468,5589
8715.47,5452
8715.472,5397
8715.475,5103
8715.478,5178
8715.48,4951
8715.483,4717
8715.485,4553
8715.487,4553
8715.49,4354
8715.493,4204
8715.495,4062
8715.497,3890
8715.5,3795
8715.503,3549
8715.505,3506
8715.507,3398
8715.51,3217
8715.513,3131
8715.515,3074
8715.517,2705
8715.52,2640
8715.522,2429
8715.525,2315
8715.528,2234
8715.53,2054
8715.532,1941
8715.535,1862
8715.538,1770
8715.54,1723
8715.542,1586
8715.545,1531
8715.548,1427
8715.55,1321
8715.552,1367
8715.555,1273
8715.558,1210
8715.56,1047
8715.563,1084
8715.565,999
8715.567,938
8715.57,871
8715.573,896
8715.575,816
8715.577,739
8715.58,752
8715.583,725
8715.585,718
8715.587,691
8715.59,647
8715.593,619
8715.595,602
8715.597,558
8715.6,542
8715.603,500
8715.605,502
8715.608,503
8715.61,467
8715.612,462
8715.615,454
8715.618,427
8715.62,411
8715.622,411
8715.625,385
8715.628,398
8715.63,407
8715.632,339
8715.635,347
8715.638,365
8715.64,367
8715.642,324
8715.645,398
8715.647,361
8715.65,322
8715.653,351
8715.655,323
8715.657,303
8715.66,314
8715.663,325
8715.665,320
8715.667,317
8715.67,314
8715.673,327
8715.675,309
8715.677,298
8715.68,285
8715.683,313
8715.685,305
8715.688,290
8715.69,293
8715.692,273
8715.695,335
8715.698,282
8715.7,270
8715.702,313
8715.705,273
8715.708,299
8715.71,262
8715.712,254
8715.715,234
8715.718,268
8715.72,257
8715.722,250
8715.725,238
8715.728,258
8715.73,236
8715.733,236
8715.735,232
8715.737,245
8715.74,225
8715.743,226
8715.745,211
8715.747,237
8715.75,209
8715.753,192
8715.755,225
8715.757,224
8715.76,230
8715.763,245
8715.765,211
8715.767,194
8715.77,214
8715.772,197
8715.775,210
8715.778,227
8715.78,204
8715.782,202
8715.785,232
8715.788,204
8715.79,262
8715.792,219
8715.795,237
8715.798,209
8715.8,212
8715.802,190
8715.805,200
8715.808,210
8715.81,209
8715.813,223
8715.815,194
8715.817,210
8715.82,210
8715.823,231
8715.825,215
8715.827,204
8715.83,190
8715.833,198
8715.835,180
8715.837,195
8715.84,210
8715.843,191
8715.845,202
8715.847,188
8715.85,152
8715.853,175
8715.855,198
8715.858,165
8715.86,168
8715.862,160
8715.865,171
8715.868,176
8715.87,170
8715.872,0
8715.875,0
8715.878,0
8715.88,0
8715.882,0
8715.885,0
8715.888,0
8715.89,0
8715.892,0
8715.895,0
8715.897,0
8715.9,0
8715.903,0
8715.905,0
8715.907,0
8715.91,0
8715.913,0
8715.915,0
8715.917,0
8715.92,0
8715.923,0
8715.925,0
8715.927,0
8715.93,0
8715.933,0
8715.935,0
8715.938,0
8715.94,0
8715.942,0
8715.945,0
8715.948,0
8715.95,0
8715.952,0
8715.955,0
8715.958,0
8715.96,0
8715.962,0
8715.965,0
8715.968,0
8715.97,0
8715.972,0
8715.975,0
8715.978,0
8715.98,0
8715.983,0
8715.985,0
8715.987,0
8715.99,0
8715.993,0
8715.995,0
8715.997,0
8716,0
8716.003,0
8716.005,0
8716.007,0
8716.01,0
8716.013,0
8716.015,0
8716.017,0
8716.02,0
8716.022,0
8716.025,0
8716.028,0
8716.03,0
8716.032,0
8716.035,0
8716.038,0
8716.04,0
8716.042,0
8716.045,0
8716.048,0
8716.05,0
8716.052,0
8716.055,0
8716.058,0
8716.06,0
8716.063,0
8716.065,0
8716.067,0
8716.07,0
8716.073,0
8716.075,0
8716.077,0
8716.08,0
8716.083,0
8716.085,0
8716.087,0
8716.09,0
8716.093,0
8716.095,0
8716.097,0
8716.1,0
8716.103,0
8716.105,0
8716.108,0
8716.11,0
8716.112,0
8716.115,0
8716.118,0
8716.12,0
8716.122,0
8716.125,0
8716.128,0
8716.13,0
8716.132,0
8716.135,0
8716.138,0
8716.14,0
8716.142,0
8716.145,0
8716.147,0
8716.15,0
8716.153,0
8716.155,0
8716.157,0
8716.16,0
8716.163,0
8716.165,0
8716.167,0
8716.17,0
8716.173,0
8716.175,0
8716.177,0
8716.18,0
8716.183,0
8716.185,0
8716.188,0
8716.19,0
8716.192,0
8716.195,0
8716.198,0
8716.2,0
8716.202,0
8716.205,0
8716.208,0
8716.21,0
8716.212,0
8716.215,0
8716.218,0
8716.22,0
8716.222,0
8716.225,0
8716.228,0
8716.23,0
8716.233,0
8716.235,0
8716.237,0
8716.24,0
8716.243,0
8716.245,0
8716.247,0
8716.25,0
