6560,123
6560.005,126
6560.011,117
6560.016,115
6560.021,117
6560.027,110
6560.032,106
6560.038,109
6560.043,110
6560.048,102
6560.054,108
6560.059,94
6560.065,120
6560.07,104
6560.075,100
6560.081,130
6560.086,110
6560.091,112
6560.097,87
6560.102,125
6560.108,122
6560.113,125
6560.118,106
6560.124,102
6560.129,116
6560.134,126
6560.14,135
6560.145,121
6560.151,116
6560.156,121
6560.161,125
6560.167,126
6560.172,110
6560.177,137
6560.183,137
6560.188,115
6560.194,123
6560.199,101
6560.204,135
6560.21,124
6560.215,107
6560.221,130
6560.226,125
6560.231,125
6560.237,136
6560.242,117
6560.247,129
6560.253,125
6560.258,126
6560.264,132
6560.269,138
6560.274,127
6560.28,132
6560.285,116
6560.29,137
6560.296,130
6560.301,116
6560.307,119
6560.312,143
6560.317,129
6560.323,120
6560.328,128
6560.334,139
6560.339,137
6560.344,129
6560.35,142
6560.355,143
6560.36,135
6560.366,133
6560.371,156
6560.377,170
6560.382,147
6560.387,135
6560.393,143
6560.398,140
6560.403,147
6560.409,134
6560.414,153
6560.42,176
6560.425,154
6560.43,158
6560.436,160
6560.441,167
6560.446,164
6560.452,156
6560.457,158
6560.463,162
6560.468,169
6560.473,160
6560.479,175
6560.484,153
6560.49,173
6560.495,179
6560.5,159
6560.506,179
6560.511,196
6560.516,175
6560.522,184
6560.527,179
6560.533,171
6560.538,191
6560.543,206
6560.549,197
6560.554,209
6560.559,194
6560.565,189
6560.57,183
6560.576,190
6560.581,202
6560.586,208
6560.592,205
6560.597,240
6560.602,241
6560.608,229
6560.613,205
6560.619,236
6560.624,254
6560.629,213
6560.635,230
6560.64,238
6560.646,222
6560.651,246
6560.656,269
6560.662,249
6560.667,298
6560.672,272
6560.678,266
6560.683,284
6560.689,286
6560.694,300
6560.699,322
6560.705,339
6560.71,336
6560.715,331
6560.721,330
6560.726,359
6560.732,390
6560.737,371
6560.742,347
6560.748,399
6560.753,413
6560.759,441
6560.764,485
6560.769,443
6560.775,480
6560.78,526
6560.785,506
6560.791,581
6560.796,595
6560.802,581
6560.807,641
6560.812,660
6560.818,684
6560.823,711
6560.828,769
6560.834,818
6560.839,823
6560.845,907
6560.85,963
6560.855,1027
6560.861,1090
6560.866,1195
6560.872,1306
6560.877,1385
6560.882,1524
6560.888,1724
6560.893,1800
6560.898,2022
6560.904,2151
6560.909,2397
6560.915,2577
6560.92,2846
6560.925,3200
6560.931,3596
6560.936,3883
6560.941,4460
6560.947,4889
6560.952,5369
6560.958,6017
6560.963,6634
6560.968,7197
6560.974,7822
6560.979,8659
6560.985,9319
6560.99,9898
6560.995,10669
6561.001,11262
6561.006,11832
6561.011,12385
6561.017,12771
6561.022,12859
6561.028,13670
6561.033,13550
6561.038,13826
6561.044,13537
6561.049,13576
6561.054,13295
6561.06,13143
6561.065,12789
6561.071,12516
6561.076,12435
6561.081,12331
6561.087,12071
6561.092,11978
6561.098,11944
6561.103,12094
6561.108,11942
6561.114,12606
6561.119,12816
6561.124,13072
6561.13,13394
6561.135,13964
6561.141,14308
6561.146,14781
6561.151,15043
6561.157,15118
6561.162,15270
6561.167,15144
6561.173,15312
6561.178,14822
6561.184,14335
6561.189,14218
6561.194,13697
6561.2,12746
6561.205,12071
6561.211,11268
6561.216,10408
6561.221,9374
6561.227,8451
6561.232,7535
6561.237,6723
6561.243,5957
6561.248,5116
6561.254,4421
6561.259,3984
6561.264,3567
6561.27,3127
6561.275,2701
6561.28,2481
6561.286,2171
6561.291,1912
6561.297,1802
6561.302,1617
6561.307,1472
6561.313,1310
6561.318,1175
6561.324,1102
6561.329,1036
6561.334,962
6561.34,827
6561.345,843
6561.35,704
6561.356,741
6561.361,701
6561.367,665
6561.372,588
6561.377,578
6561.383,521
6561.388,589
6561.393,487
6561.399,521
6561.404,508
6561.41,464
6561.415,506
6561.42,395
6561.426,422
6561.431,420
6561.437,460
6561.442,421
6561.447,392
6561.453,356
6561.458,354
6561.463,343
6561.469,336
6561.474,313
6561.48,304
6561.485,305
6561.49,336
6561.496,272
6561.501,305
6561.506,286
6561.512,270
6561.517,267
6561.523,294
6561.528,271
6561.533,245
6561.539,239
6561.544,216
6561.55,246
6561.555,227
6561.56,189
6561.566,222
6561.571,234
6561.576,198
6561.582,206
6561.587,238
6561.593,196
6561.598,222
6561.603,224
6561.609,223
6561.614,225
6561.62,192
6561.625,190
6561.63,177
6561.636,192
6561.641,197
6561.646,201
6561.652,195
6561.657,200
6561.663,185
6561.668,158
6561.673,205
6561.679,151
6561.684,164
6561.689,156
6561.695,168
6561.7,178
6561.706,167
6561.711,168
6561.716,176
6561.722,180
6561.727,160
6561.733,149
6561.738,159
6561.743,175
6561.749,167
6561.754,144
6561.759,165
6561.765,165
6561.77,139
6561.776,138
6561.781,147
6561.786,140
6561.792,148
6561.797,139
6561.803,149
6561.808,144
6561.813,149
6561.819,157
6561.824,162
6561.829,131
6561.835,155
6561.84,160
6561.846,147
6561.851,153
6561.856,139
6561.862,156
6561.867,148
6561.872,148
6561.878,121
6561.883,141
6561.889,146
6561.894,136
6561.899,124
6561.905,142
6561.91,126
6561.916,135
6561.921,147
6561.926,143
6561.932,139
6561.937,134
6561.942,134
6561.948,130
6561.953,120
6561.959,146
6561.964,130
6561.969,133
6561.975,144
6561.98,144
6561.985,131
6561.991,137
6561.996,133
6562.002,136
6562.007,129
6562.012,135
6562.018,118
6562.023,130
6562.029,135
6562.034,155
6562.039,137
6562.045,136
6562.05,122
6562.055,115
6562.061,148
6562.066,133
6562.072,105
6562.077,145
6562.082,129
6562.088,113
6562.093,121
6562.099,108
6562.104,137
6562.109,114
6562.115,130
6562.12,134
6562.125,159
6562.131,122
6562.136,138
6562.142,141
6562.147,121
6562.152,143
6562.158,126
6562.163,111
6562.169,132
6562.174,128
6562.179,116
6562.185,132
6562.19,127
6562.195,125
6562.201,136
6562.206,125
6562.212,132
6562.217,139
6562.222,145
6562.228,130
6562.233,117
6562.238,128
6562.244,132
6562.249,136
6562.255,133
6562.26,149
6562.265,117
6562.271,117
6562.276,125
6562.282,144
6562.287,129
6562.292,141
6562.298,128
6562.303,141
6562.308,116
6562.314,127
6562.319,140
6562.325,146
6562.33,125
6562.335,117
6562.341,133
6562.346,148
6562.352,126
6562.357,141
6562.362,147
6562.368,136
6562.373,128
6562.378,120
6562.384,129
6562.389,137
6562.395,138
6562.4,142
6562.405,152
6562.411,157
6562.416,141
6562.422,156
6562.427,134
6562.432,144
6562.438,127
6562.443,174
6562.448,144
6562.454,160
6562.459,137
6562.465,170
6562.47,159
6562.475,181
6562.481,162
6562.486,173
6562.491,183
6562.497,162
6562.502,185
6562.508,181
6562.513,160
6562.518,193
6562.524,175
6562.529,202
6562.535,210
6562.54,201
6562.545,198
6562.551,202
6562.556,225
6562.561,250
6562.567,226
6562.572,214
6562.578,218
6562.583,247
6562.588,269
6562.594,269
6562.599,310
6562.605,297
6562.61,301
6562.615,329
6562.621,351
6562.626,334
6562.631,340
6562.637,385
6562.642,354
6562.648,432
6562.653,451
6562.658,582
6562.664,531
6562.669,557
6562.675,642
6562.68,645
6562.685,820
6562.691,830
6562.696,851
6562.701,923
6562.707,1080
6562.712,1207
6562.718,1326
6562.723,1351
6562.728,1434
6562.734,1706
6562.739,1762
6562.745,1991
6562.75,2221
6562.755,2386
6562.761,2606
6562.766,2924
6562.771,3065
6562.777,3339
6562.782,3629
6562.788,3922
6562.793,4029
6562.798,4125
6562.804,4469
6562.809,4634
6562.815,4857
6562.82,5055
6562.825,5275
6562.831,5357
6562.836,5536
6562.841,5630
6562.847,5510
6562.852,5705
6562.858,5634
6562.863,5645
6562.868,5748
6562.874,5716
6562.879,5662
6562.884,5534
6562.89,5712
6562.895,5731
6562.901,5552
6562.906,5628
6562.911,5898
6562.917,5825
6562.922,5906
6562.928,6067
6562.933,6050
6562.938,6277
6562.944,6278
6562.949,6272
6562.954,6474
6562.96,6491
6562.965,6420
6562.971,6480
6562.976,6336
6562.981,6259
6562.987,6221
6562.992,5931
6562.998,5711
6563.003,5511
6563.008,5174
6563.014,4997
6563.019,4856
6563.024,4441
6563.03,4126
6563.035,3838
6563.041,3374
6563.046,3165
6563.051,2926
6563.057,2631
6563.062,2392
6563.068,2127
6563.073,1888
6563.078,1678
6563.084,1552
6563.089,1325
6563.094,1234
6563.1,1030
6563.105,996
6563.111,864
6563.116,809
6563.121,747
6563.127,631
6563.132,629
6563.138,534
6563.143,521
6563.148,466
6563.154,440
6563.159,436
6563.164,427
6563.17,396
6563.175,319
6563.181,323
6563.186,287
6563.191,306
6563.197,281
6563.202,281
6563.208,262
6563.213,254
6563.218,259
6563.224,236
6563.229,251
6563.234,249
6563.24,209
6563.245,220
6563.251,222
6563.256,179
6563.261,215
6563.267,165
6563.272,196
6563.278,181
6563.283,194
6563.288,190
6563.294,201
6563.299,182
6563.304,163
6563.31,160
6563.315,182
6563.321,162
6563.326,148
6563.331,137
6563.337,146
6563.342,168
6563.348,150
6563.353,133
6563.358,160
6563.364,131
6563.369,154
6563.374,160
6563.38,142
6563.385,150
6563.391,137
6563.396,150
6563.401,136
6563.407,139
6563.412,112
6563.418,125
6563.423,122
6563.428,127
6563.434,127
6563.439,109
6563.444,138
6563.45,125
6563.455,127
6563.461,119
6563.466,110
6563.471,127
6563.477,106
6563.482,118
6563.488,128
6563.493,101
6563.498,117
6563.504,123
6563.509,124
6563.514,113
6563.52,112
6563.525,113
6563.531,119
6563.536,92
6563.541,110
6563.547,116
6563.552,119
6563.558,103
6563.563,104
6563.568,113
6563.574,113
6563.579,105
6563.584,129
6563.59,100
6563.595,104
6563.601,115
6563.606,105
6563.611,100
6563.617,107
6563.622,110
6563.628,101
6563.633,101
6563.638,103
6563.644,90
6563.649,110
6563.654,99
6563.66,102
6563.665,101
6563.671,109
6563.676,98
6563.681,108
6563.687,88
6563.692,116
6563.698,92
6563.703,86
6563.708,102
6563.714,91
6563.719,100
6563.724,112
6563.73,115
6563.735,80
6563.741,80
6563.746,89
6563.751,85
6563.757,83
6563.762,100
6563.768,93
6563.773,97
6563.778,100
6563.784,101
6563.789,84
6563.795,98
6563.8,94
6563.805,101
6563.811,92
6563.816,98
6563.821,101
6563.827,91
6563.832,92
